0.272553431
0.272553431
0.272553431
0.269853768
0.270528684
0.270528684
0.268503937
0.26647919
0.266029246
0.265804274
0.264004499
0.262654668
0.260629921
0.259730034
0.258155231
0.257255343
0.255455568
0.253205849
0.251631046
0.249381327
0.247806524
0.246231721
0.243532058
0.240832396
0.239482565
0.237007874
0.228008999
0.22575928
0.223734533
0.198537683
0.18863892
0.187289089
0.186839145
0.186164229
0.186164229
0.184814398
0.185489314
0.185264342
0.185264342
0.184589426
0.18503937
0.185489314
0.185264342
0.185264342
0.185264342
0.185489314
0.185489314
0.185489314
0.185489314
0.185489314
0.185264342
0.18503937
0.185714286
0.185939258
0.185489314
0.185489314
0.185489314
0.185264342
0.185264342
0.185264342
0.185264342
0.185264342
0.185264342
0.185264342
0.185264342
0.185264342
0.185264342
0.185264342
0.185264342
0.184814398
0.185714286
0.185714286
0.184139483
0.184364454
0.184589426
0.18503937
0.184364454
0.184139483
0.184589426
0.185264342
0.18503937
0.18503937
0.185264342
0.186614173
0.18503937
0.184139483
0.184139483
0.184139483
0.184814398
0.184814398
0.184814398
0.184814398
0.184814398
0.18503937
0.18503937
0.185489314
0.185264342
0.18503937
0.18503937
0.18503937
0.18503937
