0.163924501940587
0.166418431664737
0.15191897230114
0.160279455213498
0.157100140029247
0.150544159410266
0.151943917333779
0.153082535903051
0.162047412317931
0.158270253207939
0.144073404769823
0.156817658353507
0.14844131480153
0.144923779030512
0.146408034177942
0.142573209208153
0.141951300488085
0.146226238037532
0.145191737975332
0.144487217169598
0.141447947406164
0.134874086966291
0.140377831726634
0.142731461178386
0.13863798595457
0.139929028907602
0.138570064638753
0.134975654783151
0.136535696145538
0.132795369202931
0.083791936356047
0.0771694949207226
0.077233720593475
0.0778735340110385
0.0709450296414962
0.0846291846167495
0.0809365965597904
0.0773512626943549
0.0839047976979606
0.0739948972550769
0.0789221999584456
0.0783230061926895
0.0799396379995055
0.0797659321584236
0.0758906453715661
0.0783823361086726
0.077810386445888
0.0801738603946928
0.0815058649194455
0.0814189495399858
0.0750451585069789
0.0778887344169934
0.0736752497250298
0.0738666349909996
0.0772420704102742
0.0819889172833904
0.0745896912416572
0.0780819550257599
0.0760808453874376
0.080216940906881
0.0731316629230476
0.076573270389123
0.078114979048485
0.0797482838819693
0.0810538826939378
0.0763478952057226
0.0712675301119218
0.073547879048231
0.0724518135690337
0.0831579102545356
0.0736973862636906
0.0779313920577439
0.0748816571756367
0.0782272407562025
0.0729283100558825
0.0708450780110914
0.0707166590030338
0.0766962750450953
0.074532123874907
0.0744163204162207
0.0794705112562375
0.0758529918790881
0.0755078176795956
0.0798570933186051
0.0722491678942102
0.0769554982373652
0.0773555261920905
0.0739089192683686
0.0753291932928215
0.0709307346434877
0.0709602857372891
0.0748977506121143
0.0768284542061734
0.0827016088284514
0.0724004578219623
0.0750882302883911
0.0742241562385966
0.068364162985728
0.0730833797290425
0.0687935369845843
0.0771263105559085
