0.478757329
0.441170432
0.340549597
0.285378589
0.218929117
0.194731703
0.170299355
0.143740177
0.134219781
0.126031658
0.121117509
0.105838987
0.117422052
0.10157548
0.100506374
0.096430989
0.102188526
0.101222773
0.09713386
0.102544621
0.090615132
0.092113093
0.094830523
0.095781846
0.094835561
0.086843854
0.096440322
0.098488224
0.096945619
0.091441625
0.095882073
0.092825869
0.089068001
0.094178638
0.099355893
0.088081695
0.10059154
0.096729148
0.093434606
0.090823796
0.092023895
0.094240731
0.093392049
0.097327733
0.091257891
0.091170047
0.0874748
0.091687479
0.089593426
0.089485358
0.08924633
0.09512901
0.093464297
0.099919386
0.100647117
0.094242218
0.098157023
0.088493503
0.089410459
0.100314647
0.091103477
0.095262321
0.088586434
0.092889595
0.08732845
0.088656403
0.086529391
0.089647492
0.089501675
0.093895187
0.099326463
0.094990728
0.094296284
0.088376261
0.09437047
0.095994136
0.095125621
0.09775053
0.098313058
0.083420598
0.089284797
0.097848971
0.09043517
0.095158329
0.092412022
0.094879069
0.088583564
0.090815463
0.095378839
0.094639159
0.086947917
0.086549541
0.096170422
0.089712291
0.088503774
0.085384065
0.087974587
0.097950235
0.095746886
0.088075189
0.086937361
0.088558011
0.088542413
0.088877622
0.098734729
0.096870881
0.087844974
0.089421415
0.089990042
0.094937554
0.089150378
0.078818874
0.086595315
0.094662081
0.091076705
0.091720258
0.089222287
0.084513208
0.091727454
0.089350979
0.08696322
0.087954625
0.088979053
0.094120273
0.088234383
0.083575096
0.094152522
0.093817978
0.092302945
0.087098869
0.090914068
0.094097273
0.089590463
0.092244676
0.097170675
0.087552374
0.086502077
0.092349086
0.093004858
0.091925741
0.087494312
0.085385857
0.088402052
0.087944008
0.093382518
0.090786341
0.085316063
0.083679321
0.095429582
0.096928322
0.093215298
0.098441087
0.09027886
0.091357027
0.085698169
0.092755968
0.092751463
0.093705098
0.087506404
0.093234536
0.090410291
0.092371643
0.090141832
0.094992784
0.097637638
0.09735478
0.082797527
0.087206093
0.089678029
0.081084451
0.102311664
0.089522084
0.091235951
0.089252427
0.089490985
0.08580144
0.093932479
0.089814417
0.091811894
0.09376073
0.090413467
0.090067661
0.090832853
0.093358171
0.095568421
0.08735734
0.083276794
0.096616227
0.093839926
0.09554399
0.089350034
0.090721403
0.0898854
0.089594922
0.083783949
0.096373164
0.090962585
0.089696815
0.098666337
0.091739464
0.088489051
0.088199765
0.096609981
0.090676866
0.086115494
0.100991876
0.093564372
0.081154948
0.087947495
0.087077957
0.093345643
0.087218439
0.084808999
0.097959536
0.090338165
0.096261476
0.088983454
0.094469939
0.090475354
0.096490006
0.088912984
0.094405755
0.095486082
0.091684443
0.093207242
0.092713739
0.082401974
0.094450557
0.092795831
0.084236207
0.091913146
0.084544839
0.084365997
0.094474156
0.091394315
0.086406971
0.08514752
0.095944571
0.093987824
0.084523334
0.092065905
0.085599356
0.093903749
0.091349273
0.095595229
0.092160826
0.091931171
0.089090649
0.095645842
0.088723177
0.089865967
0.093287797
0.092314128
0.085815362
0.093044582
0.086781852
0.086039977
0.094633298
0.080092841
0.101429538
0.095471004
0.093965283
0.094043259
0.09265558
0.090798615
0.089751198
0.090762296
0.087662051
0.09151086
0.095888416
0.096716817
0.092525385
0.093996321
0.08717916
0.077842697
0.088694154
0.089360304
0.08654335
0.090633402
0.082667835
0.082505612
0.090169578
0.08628403
0.097943884
0.093504818
0.094556962
0.093604833
0.097629388
0.090826934
0.091799775
0.085012343
0.090644077
0.098814867
0.081773218
0.089615631
0.091723125
0.086028058
0.075978606
0.083735555
0.094538661
0.086357402
0.078271976
0.079499126
0.084754874
0.087944735
0.087017684
0.076759361
0.079472561
0.081610141
0.077537577
0.077068087
0.082607992
0.081228324
0.077975986
0.080230741
0.082121992
0.071641126
0.070253257
0.088876531
0.078688066
0.077204721
0.076280242
0.076611683
0.073937935
0.08236594
0.076903288
0.076546141
0.07707011
0.070284199
0.071896299
0.076273391
0.069385208
0.071256469
0.075777461
0.063018858
0.0727413
0.071987853
0.070229273
0.065987366
0.063561754
0.06636786
0.063556642
0.070163052
0.072199957
0.062640412
0.059408251
0.05702622
0.065073126
0.06094902
0.063245378
0.066455101
0.059675426
0.061401196
0.065748018
0.058284238
0.060785862
0.064449736
0.06378606
0.060008266
0.058302242
0.052021103
0.059549994
0.062743832
0.057404707
0.05231591
0.06050103
0.058102969
0.057203676
0.066492907
0.057869982
0.05451817
0.05132624
0.056760008
0.060493096
0.05302226
0.058476515
0.056459414
0.061078324
0.053929463
0.059055683
0.053969506
0.062052838
0.061580425
0.060099483
0.05880238
0.062469652
0.058088409
0.055617616
0.053510799
0.054065603
0.051635469
0.052052513
0.065458364
0.063104637
0.054707101
0.052516708
0.054800935
0.051354808
0.058397472
0.055004509
0.054600094
0.046521741
0.054502
0.05477607
0.059735794
0.047257189
0.051518267
0.051347122
0.052068325
0.062607425
0.063034174
0.049036424
0.053205318
0.050338003
0.059270542
0.060239235
0.050891301
0.046962577
0.054233263
0.051992308
0.05523177
0.055633137
0.059670805
0.061851164
0.050437017
0.056431415
0.054365565
0.053897682
0.056641506
0.061732585
0.053964377
0.052984109
0.048809995
0.049007482
0.053578202
0.054691985
0.049549458
0.046308431
0.052109301
0.05138698
0.054259666
0.059010682
0.050087722
0.053919213
0.054536302
0.046308758
0.051581884
0.054643937
0.051821039
0.051336275
0.048463284
0.05222439
0.051566064
0.056634775
0.050331583
0.051545945
0.055114103
0.053348214
0.050157998
0.060278183
0.054898165
0.054590115
0.049438125
0.051308317
0.056074626
0.059136472
0.05198233
0.057141618
0.053695161
0.05217668
0.052973573
0.05685249
0.048819754
0.051108894
0.048689176
0.045953631
0.051334013
0.051721922
0.048048082
0.053579343
0.04919302
0.044585324
0.046197476
0.050526958
0.045368381
0.05439287
0.048433438
0.056883474
0.044992894
0.049740905
0.047599504
0.063189553
0.050093571
0.051017683
0.052110219
0.053297605
0.047927785
0.052161032
0.050290086
0.056937995
0.047947527
0.047922913
0.05369735
0.048088155
0.05272263
0.046737264
0.054417773
0.051678865
0.052900431
0.056883981
0.054814698
0.054395805
0.048992441
0.041589586
0.053954148
0.051436228
0.052106538
0.047464942
0.055208069
0.050487607
0.045857661
0.045819616
0.040161308
0.054034091
0.051945541
0.044349408
0.053044915
0.047747049
0.046963854
0.050827115
0.04755113
0.052669959
0.05334382
0.054166949
0.054328416
0.052160874
0.048622768
0.048507254
0.052562202
0.0491115
0.048740081
0.04925744
0.051637158
0.047538767
0.04721061
0.044778444
0.053358726
0.047007067
0.05186048
0.048495415
0.048934966
0.04419368
0.051134786
0.048179873
0.047057681
0.046909365
0.052300776
0.04867907
0.053051472
0.048596336
0.049408608
0.051339966
0.05446009
0.047654879
0.055091623
0.045653421
0.045047561
0.047364781
0.054112178
0.046565407
0.050094777
0.05298071
0.0474838
0.050085656
0.050772998
0.042986837
0.041743457
0.050086418
0.05322231
0.047324428
0.047559251
0.049779027
0.051042466
0.05217375
0.04950069
0.049065471
0.051217611
0.048309874
0.053700421
0.052422334
0.052601341
0.044296827
0.044921372
0.047877638
0.04892996
0.046915582
0.046444598
0.047945815
0.04579157
0.049993029
0.044051643
0.046953054
0.047217055
0.049902928
0.049274755
0.052825917
0.045041845
0.050476037
0.055834798
0.041939742
0.053597085
0.049096815
0.048391914
0.050537507
0.046729461
0.048652841
0.049510642
0.044877935
0.045854284
0.048459214
0.052127244
0.050976124
0.050820626
0.051972281
0.051908509
0.054902679
0.048592403
0.043990396
0.045622409
0.038461479
0.046682344
0.047855491
0.053699363
0.048392666
0.054147663
0.050919945
0.047733479
0.044829932
0.050293293
0.045236507
0.046076235
0.048224935
0.045309959
0.048885766
0.049807028
0.048064049
0.05334827
0.053740769
0.045449955
0.046530197
0.049652047
0.050482012
0.052706919
0.048300803
0.053254419
0.041024471
0.049258612
0.050584836
0.049823663
0.04900797
0.042202701
0.04709495
0.052724801
0.041615981
0.049131033
0.045905879
0.049210834
0.046967014
0.050643684
0.043645027
0.051681761
0.048571509
0.043547153
0.046027414
0.040284742
0.049431629
0.047927805
0.051470264
0.045175865
0.047417239
0.052567271
0.049096501
0.046161381
0.04590773
0.048838772
0.045311573
0.046766267
0.04031239
0.04428133
0.052008253
0.04302754
0.050308097
0.04693415
0.050287049
0.048355121
0.042296372
0.036914201
0.043979118
0.039807798
0.038948034
0.047438991
0.040804151
0.041700565
0.04499864
0.050310972
0.048398866
0.046435069
0.04261883
0.038701309
0.043884032
0.049914652
0.045890365
0.053881884
0.044868107
0.045298757
0.041436081
0.053296075
0.045206991
0.039948847
0.045500684
0.042665377
0.050074795
0.045759231
0.045664088
0.047775103
0.057006799
0.049660747
0.044841178
0.03954757
0.046980363
0.044238229
0.044839377
0.036713501
0.044070708
0.042340055
0.047445271
0.051707665
0.042958701
0.047264381
0.04591136
0.047152268
0.043976555
0.039523438
0.045861683
0.047000406
0.043362306
0.045433467
0.045982388
0.043135882
0.043310492
0.042356281
0.052911821
0.04466776
0.044452797
0.045978963
0.046005603
0.047371
0.044847033
0.043453307
0.041194866
0.04427366
0.045010467
0.050432518
0.045522268
0.036596141
0.046162091
0.043427623
0.038706814
0.048255969
0.039547429
0.044035866
0.047718312
0.044421474
0.044197301
0.036779981
0.040349798
0.042487318
0.046633853
0.050366947
0.041094245
0.046116177
0.038987717
0.044824176
0.040751241
0.044116229
0.042331811
0.041730871
0.045076192
0.041766751
0.049240021
0.038845924
0.041562801
0.048001308
0.046488601
0.046385357
0.043417898
0.0412934
0.044043863
0.039671105
0.044289971
0.042153718
0.042130803
0.049012294
0.044837237
0.041838268
0.041604067
0.039653174
0.045469987
0.054709439
0.037345363
0.045279575
0.04713234
0.045094152
0.047529829
0.036469934
0.041000337
0.043900666
0.043943132
0.044459473
0.042780268
0.042208976
0.042795452
0.0434488
0.042394699
0.047445909
0.040700852
0.048022563
0.042108676
0.040686464
0.043745523
0.042966471
0.046737693
0.041397588
0.044932215
0.041985912
0.044856682
0.039612115
0.040760093
0.047262317
0.043900284
0.038089718
0.042564548
0.039380417
0.04563563
0.038095432
0.040804337
0.041810757
0.041150211
0.038607021
0.042211366
0.042265732
0.042371012
0.039036136
0.038319718
0.046028061
0.042964512
0.047525682
0.044742616
0.041498845
0.045050491
0.043026816
0.035400236
0.041269348
0.041109034
0.05202692
0.045712066
0.044550305
0.039541349
0.048675393
0.041545276
0.042540235
0.039292427
0.041055882
0.04974293
0.0438269
0.040228078
0.041474824
0.035011288
0.039705289
0.039219771
0.039147269
0.040529408
0.040428409
0.042150248
0.041139541
0.03914457
0.038833605
0.044867315
0.042587581
0.036593179
0.042426736
0.039480737
0.039612091
0.04583598
0.038176411
0.045958536
0.04304145
0.042908031
0.035005547
0.038580852
0.038606845
0.038771299
0.034465444
0.046640392
0.039171475
0.037921129
0.043747826
0.036221709
0.038206861
0.044306105
0.038867428
0.040336236
0.042878253
0.044931189
0.041627862
0.043042552
0.04289141
0.038989079
0.040706033
0.03895278
0.039241411
0.042333235
0.046135404
0.037141551
0.045280985
0.043183797
0.045402685
0.035718645
0.038333121
0.04040748
0.042123902
0.03381727
0.045374377
0.036436924
0.040457098
0.03980386
0.045175501
0.037739499
0.042080415
0.044697998
0.041789719
0.039228458
0.041575681
0.038022273
0.042039854
0.039252912
0.033994677
0.049798766
0.044375696
0.038613754
0.039079996
0.03662479
0.0440677
0.041688806
0.04355672
0.041847136
0.048368565
0.039221314
0.038998814
0.04414322
0.041907212
0.037410203
0.043974182
0.035214758
0.034072593
0.038858174
0.0429118
0.044307944
0.041092449
0.034494424
0.036583191
0.040536952
0.042932504
0.038372824
0.040938563
0.038208238
0.037670101
0.039150192
0.040888385
0.043003519
0.032184159
0.041744955
0.046452893
0.041550621
0.040924649
0.03316777
0.04389725
0.039084023
0.032517099
0.036254115
0.041754128
0.039781192
0.040286191
0.036429297
0.037813155
0.038474991
0.033852252
0.039213825
0.034823093
0.037916199
0.041623239
0.043685969
0.039788053
0.036253585
0.041471697
0.038971457
0.039643448
0.040631794
0.036640587
0.034638774
0.044425497
0.042940451
0.03508884
0.035871632
0.037988573
0.02932774
0.034315198
0.038269146
0.041817715
0.040857801
0.033484347
0.036983993
0.043165037
0.045557803
0.035422719
0.044071716
0.036968824
0.04110221
0.043835261
0.039176909
0.039214222
0.035748698
0.03944288
0.04557669
0.035891757
0.041374975
0.039801227
0.040728129
0.035622409
0.045506879
0.039076837
0.044260153
0.043816456
0.035035516
0.034056932
0.035523263
0.033676869
0.039218206
0.036260719
0.039303765
0.042333959
0.032613666
0.043603307
0.033158829
0.049657002
0.038151505
0.042369481
0.03862656
0.040121932
0.041335498
0.03534248
0.032956408
0.033147868
0.041841731
0.032849841
0.038685153
0.039593709
0.040298381
0.036542679
0.036279985
0.042012516
0.034591091
0.035202122
0.033265249
0.039122496
0.040561286
0.042722399
0.034482299
0.032116857
0.037291471
0.033420888
0.0405998
0.034195518
0.03859955
0.03968872
0.034845066
0.036241725
0.035011183
0.038992349
0.042135004
0.040137456
0.036296978
0.037035845
0.035479084
0.039149607
0.033711602
0.037711566
0.040452398
0.031755046
0.040564346
0.041623723
0.0358041
0.029380828
0.035052506
0.033136091
0.036584069
0.040444065
0.035214524
0.031957919
0.039991187
0.042036574
0.0367116
0.03650613
0.031340114
0.038406801
0.028902201
0.037642361
0.035012287
0.043379496
0.03614774
0.038836558
0.03313738
0.031453009
0.035730506
0.035548146
0.034815304
0.034252621
0.03218721
0.034437135
0.038137487
0.038383865
0.03416046
0.043746108
0.034042961
0.036678475
0.039693203
0.036894687
0.035591767
0.034872851
0.038868952
0.036021009
0.039039213
0.039884237
0.037957343
0.046167311
0.04725728
0.03624841
0.032282974
0.03082369
0.039055493
0.036720577
0.035329502
0.034809979
0.039867675
0.038659596
0.037813258
0.034465698
0.035673773
0.032681641
0.034478652
0.036256756
0.036581759
0.031215201
0.033063958
0.028032721
0.040736813
0.038802545
0.036378658
0.033288196
0.032367923
0.032682865
0.03472267
0.033786491
0.035690381
0.036392491
0.032826602
0.030190124
0.034858867
0.031152298
0.04225406
0.033759074
0.038020885
0.033444378
0.033903086
0.02933694
0.033753886
0.035016124
0.036675022
0.03437685
0.035383986
0.041226658
0.026678011
0.035051537
0.036045075
0.033358593
0.034647527
0.039410441
0.031055431
0.032220582
0.040645882
0.031991057
0.039017104
0.033370329
0.034404988
0.036156274
0.032348898
0.040294238
0.037809144
0.034207192
0.034449195
0.033151442
0.03291792
0.036332783
0.035398926
0.040173427
0.037876299
0.035714498
0.036730563
0.033662357
0.037204288
0.036325918
0.033442162
0.02773146
0.034590048
0.029623559
0.031412908
0.033242817
0.038484427
0.033288682
0.031147351
0.043249764
0.035979642
0.035932038
0.032177382
0.034917318
0.032960906
0.027079034
0.031827461
0.042179946
0.034738258
0.030732307
0.028757813
0.033624485
0.034921685
0.030668001
0.033892106
0.034432259
0.034700421
0.033055405
0.026972497
0.02915785
0.036099301
0.03019418
0.033725538
0.038943066
0.035960814
0.03221496
0.030435379
0.038001186
0.031392958
0.041024805
0.032211845
0.032935114
0.027638323
0.028670042
0.035186064
0.035997357
0.034780714
0.033107018
0.029788262
0.027931469
0.025922516
0.034755655
0.030021926
0.036666807
0.032349243
0.032753431
0.031220712
0.029427783
0.03332655
0.03404033
0.032976046
0.030805645
0.035654814
0.034564724
0.028508191
0.028122009
0.034164327
0.036773539
0.036877492
0.030053137
0.028742143
0.031214438
0.025759324
0.030670699
0.035540099
0.030081717
0.038225317
0.030067198
0.034107893
0.030267082
0.031687308
0.036612194
0.03587717
0.032156905
0.032748718
0.032674241
0.037240403
0.028273784
0.031581808
0.026207904
0.033234177
0.028451099
0.028686876
0.030466619
0.025728963
0.032594766
0.028830736
0.03469155
0.026970805
0.03435029
0.03415749
0.030737373
0.026852929
0.033805734
0.036303561
0.032144799
0.035342283
0.033805349
0.027403394
0.033936815
0.028503566
0.025702386
0.026267048
0.030838992
0.036515481
0.034170466
0.030801477
0.032466117
0.03316276
0.028553061
0.028971465
0.033032024
0.0357745
0.034382904
0.031581754
0.032572293
0.028190429
0.030988039
0.030501266
0.02979115
0.028884277
0.033285159
0.028793487
0.031221152
0.028152089
0.034693116
0.033173312
0.029403112
0.031430009
0.035985672
0.027991021
0.031679958
0.029047415
0.029776015
0.031004771
0.028328475
0.033653982
0.034673443
0.029640846
0.028735202
0.032378649
0.026004871
0.032085351
0.026858029
0.030521355
0.034991676
0.02202848
0.035017972
0.028550589
0.026055527
0.034536312
0.027371842
0.029900603
0.026718363
0.033029191
0.027959291
0.030898779
0.030339015
0.025729594
0.023050973
0.029732527
0.027281724
0.021406582
0.023321354
0.031352717
0.029493748
0.031926733
0.029403069
0.030302796
0.029830842
0.030254776
0.030560691
0.024062712
0.028365714
0.03071303
0.030829251
0.030614973
0.028321473
0.029417696
0.028533334
0.0268029
0.038985325
0.031004445
0.028586963
0.025505318
0.027832774
0.025955547
0.033788204
0.028191021
0.025798966
0.028578719
0.026381474
0.028962861
0.023449393
0.028396678
0.030271516
0.03122996
0.033245069
0.036211662
0.02785375
0.026885643
0.030681273
0.029791773
0.03419925
0.025696172
0.024756331
0.025830038
0.028046983
0.029337028
0.023309861
0.029906932
0.032945747
0.022140804
0.027092572
0.032674533
0.027500224
0.029713173
0.028705737
0.027197479
0.030077362
0.02630796
0.025079236
0.026347554
0.031150208
0.025760617
0.026849545
0.027867347
0.025627666
0.028786196
0.031554632
0.026554187
0.029055118
0.026147966
0.025851655
0.033672512
0.026855584
0.028363713
0.033390659
0.025102679
0.028529189
0.023935706
0.027349806
0.029402743
0.028624915
0.028731119
0.031002114
0.021683586
0.029087172
0.025967872
0.024987995
0.027059419
0.025861811
0.02842952
0.024163902
0.030554667
0.028061475
0.028928901
0.025524209
0.028604813
0.027839771
0.029119219
0.022830993
0.027098277
0.02315047
0.022293378
0.025972855
0.030116052
0.023648243
0.024846471
0.025687015
0.029048915
0.022797353
0.029187091
0.025859407
0.022263039
0.02353948
0.023793905
0.029963474
0.028685674
0.026074336
0.028513559
0.027769012
0.025300077
0.021442217
0.026107634
0.023402423
0.028789762
0.028514507
0.025549863
0.02817975
0.025816596
0.026317824
0.026956683
0.030440972
0.027666741
0.026795877
0.021694735
0.029700782
0.024769001
0.026576399
0.029061139
0.026839869
0.027098051
0.026775552
0.02763734
0.025473021
0.022712298
0.027094463
0.024007447
0.02851388
0.026887638
0.020859745
0.025387715
0.028588613
0.024229069
0.028602672
0.021025893
0.026044364
0.025543521
0.025871862
0.032750764
0.022804244
0.023610597
0.028660145
0.027681715
0.027821964
0.017486903
0.021143563
0.022733002
0.023222773
0.026018932
0.02696354
0.022337533
0.021682556
0.025751994
0.028861107
0.026950682
0.033995564
0.023148139
0.025953534
0.025365179
0.021246331
0.026963535
0.023995963
0.022335253
0.027749176
0.025738693
0.020850877
0.028929525
0.024973811
0.024273635
0.028592779
0.0208342
0.023007956
0.022897681
0.025137208
0.029225004
0.031475823
0.025227935
0.02429861
0.024028201
0.023499004
0.025318961
0.023421815
0.020555354
0.0246796
0.022849302
0.020900549
0.022977673
0.027311354
0.022825816
0.024333357
0.025620805
0.02421243
0.022404401
0.017513303
0.024776339
0.017867652
0.027462835
0.022936575
0.022028021
0.024059249
0.027119225
0.023712109
0.021501509
0.027518252
0.025596603
0.029025331
0.022113303
0.023730884
0.022151862
0.025049053
0.018218765
0.024202425
0.026445475
0.022575191
0.024169804
0.025320045
0.024968733
0.023899063
0.023640721
0.021117898
0.023313942
0.019187874
0.026978386
0.022834237
0.023809326
0.030124378
0.021853716
0.02022898
0.019506757
0.023719777
0.026737993
0.024111045
0.023429892
0.02342218
0.02076433
0.023025906
0.01950347
0.024092841
0.021418988
0.024105673
0.023974317
0.022689561
0.020541136
0.021211839
0.027085836
0.021553691
0.017677781
0.019690613
0.018796315
0.021816845
0.019089052
0.022465176
0.018555247
0.02456189
0.020367124
0.020998495
0.021514167
0.024832591
0.021427124
0.022695056
0.020411866
0.016292287
0.02241417
0.020933192
0.024554167
0.017428962
0.023778514
0.020196546
0.021442595
0.030679584
0.022826976
0.021030334
0.026252968
0.018426342
0.020087433
0.025088845
0.020922891
0.021340065
0.026512993
0.021791698
0.027257271
0.022407949
0.013637334
0.024805456
0.020001656
0.025114427
0.020002165
0.023633787
0.022265042
0.025065083
0.020714928
0.021701223
0.022548365
0.022786977
0.018021356
0.01963585
0.023957216
0.025429083
0.023232103
0.016777576
0.022904715
0.021106014
0.02240007
0.02099884
0.019744021
0.02278463
0.025262091
0.020605217
0.020136506
0.021333742
0.01889969
0.022676164
0.016814947
0.020101392
0.021342022
0.020919393
0.024523895
0.014587017
0.023677777
0.017801471
0.02048354
0.019466789
0.019376797
0.020593904
0.017612262
0.018982241
0.017331798
0.025451144
0.020317686
0.016576494
0.016787744
0.018149257
0.021544921
0.019420935
0.0175677
0.022414379
0.016083435
0.017736186
0.015448333
0.022587985
0.020400349
0.019988642
0.019729818
0.015855536
0.022261696
0.025458218
0.018862217
0.022488164
0.016832541
0.020344647
0.023605326
0.016592889
0.019362475
0.021533089
0.018713944
0.015513738
0.019673481
0.020304616
0.017137715
0.021312798
0.018254536
0.019483847
0.018009086
0.020023436
0.022477611
0.024975494
0.021911323
0.018391199
0.020678964
0.02108566
0.018390095
0.017178743
0.016357391
0.016410502
0.021103428
0.018362303
0.015861463
0.017868938
0.021429405
0.019517316
0.021456573
0.02023056
0.016413012
0.017499345
0.019354917
0.021934913
0.019563086
0.018900442
0.021758673
0.021021669
0.015088239
0.020246057
0.017659212
0.015200627
0.018537388
0.019866136
0.02197074
0.018453979
0.025756174
0.020174795
0.017849874
0.020952415
0.015004564
0.01713842
0.015658941
0.016610899
0.020385731
0.019889162
0.016747449
0.017002418
0.016699127
0.021568194
0.016718106
0.018636386
0.017708147
0.019296506
0.019851899
0.017635076
0.016993014
0.019517589
0.014089326
0.017530373
0.016350698
0.016027609
0.020297513
0.017839529
0.017824941
0.019945489
0.021585896
0.016972423
0.01555833
0.016134815
0.020581216
0.014362454
0.020331003
0.022767163
0.021863593
0.011334957
0.01683672
0.018688762
0.020389328
0.016908506
0.019528896
0.023890796
0.019614226
0.017616245
0.018128941
0.020296144
0.013727343
0.021057787
0.018715453
0.01913972
0.016066128
0.01813254
0.016265467
0.016996048
0.015679612
0.017340926
0.017410095
0.018417317
0.017489164
0.018791487
0.018926034
0.020831359
0.015570164
0.02118657
0.018449538
0.018186345
0.014853116
0.018215855
0.018338294
0.017798568
0.013110899
0.020927959
0.015260097
0.019783046
0.019693444
0.017064959
0.020787003
0.016004464
0.017054771
0.023091345
0.020020997
0.015967132
0.018823918
0.013602957
0.019166046
0.016552856
0.017135662
0.015581834
0.017041197
0.016342421
0.018674403
0.01708518
0.01543994
0.016357303
0.017777846
0.015301028
0.019216196
0.01613238
0.021589937
0.017923437
0.019599841
0.015867952
0.01147596
0.013741954
0.016547803
0.013085593
0.014030822
0.015693727
0.020208897
0.011522557
0.013688295
0.017249179
0.014703856
0.016915518
0.013616968
0.014063048
0.015073646
0.015137433
0.014977665
0.01699487
0.016097174
0.013348762
0.013351373
0.014349899
0.014966665
0.014746852
0.016209328
0.015379715
0.014360262
0.014607189
0.012697097
0.014374224
0.01271992
0.016829148
0.016445631
0.010772506
0.017848082
0.017293553
0.014972848
0.015730151
0.014177675
0.015343886
0.015076852
0.015078834
0.015734347
0.013993975
0.016041305
0.013948741
0.012643288
0.014402127
0.015526552
0.016344458
0.013529497
0.015425898
0.014245572
0.014002238
0.015569802
0.016475018
0.013182836
0.015530642
0.012088903
0.012027928
0.014231853
0.013251276
0.009349407
0.013165062
0.016775462
0.013022533
0.013843439
0.0160066
0.016336724
0.014986146
0.016196904
0.020484088
0.010933963
0.012346666
0.013770545
0.012702898
0.012551346
0.015108957
0.018855544
0.015663282
0.010699052
0.014981815
0.017189015
0.013113991
0.014861783
0.016451004
0.011854973
0.014207434
0.012522472
0.016321962
0.011918426
0.013220256
0.015629457
0.01151736
0.012391146
0.014505959
0.011636049
0.014106207
0.014682645
0.014512582
0.012270534
0.01424965
0.017728217
0.017479857
0.013254526
0.013244431
0.015143886
0.015288031
0.013149327
0.016324842
0.015383426
0.014571338
0.012002239
0.015207019
0.014420003
0.011515595
0.015128027
0.016415935
0.012183131
0.015798645
0.016572212
0.012985899
0.013729892
0.012901475
0.012011346
0.012501311
0.01150826
0.01217198
0.012409791
0.01397922
0.013785822
0.014128599
0.013152489
0.014229265
0.012408858
0.011754472
0.007419609
0.007659305
0.013084455
0.01615252
0.015087467
0.011128644
0.011504654
0.014349647
0.013353713
0.012616108
0.015435328
0.014364245
0.0124121
0.017122774
0.010419283
0.013903717
0.015765518
0.011029198
0.01090127
0.013104069
0.008228102
0.01353982
0.012904759
0.007824171
0.010348606
0.009727454
0.009654471
0.012616589
0.011152333
0.012709734
0.011382693
0.014148464
0.013045808
0.011651733
0.011019246
0.008886953
0.012566533
0.012447678
0.012380797
0.011100073
0.00898438
0.010564833
0.012377198
0.013926355
0.012434014
0.012205314
0.009667112
0.011270327
0.01234261
0.015359918
0.010346275
0.012154837
0.011827837
0.010959886
0.013155103
0.01162652
0.012457622
0.010815917
0.012078581
0.011780802
0.01284507
0.009392076
0.014479715
0.009609019
0.013944497
0.014223024
0.009191825
0.01100624
0.007600389
0.008825347
0.011108862
0.014144826
0.008678717
0.013053115
0.011444903
0.013610113
0.008015092
0.010399847
0.010187329
0.011193066
0.010353375
0.011326222
0.011274887
0.011594606
0.011776708
0.011142819
0.013772557
0.013669512
0.009952275
0.010785249
0.012461258
0.012055927
0.00988066
0.010711394
0.012292143
0.010907386
0.010642825
0.010200062
0.011081825
0.009232956
0.010088458
0.009428999
0.010356568
0.013149202
0.00876996
0.008805993
0.008757553
0.010007377
0.007639085
0.008816347
0.010381809
0.01190091
0.008340514
0.010044854
0.009788047
0.008879586
0.012518964
0.011668969
0.007809229
0.008476628
0.008361042
0.009070201
0.010557881
0.014879256
0.008825547
0.009534588
0.011258486
0.010532012
0.011338605
0.010492259
0.014198515
0.009735823
0.009077012
0.011624838
0.013048952
0.011798344
0.007933024
0.012055445
0.011170152
0.008182031
0.008283195
0.009887854
0.009158186
0.01037363
0.011649047
0.008399869
0.009946981
0.012301639
0.010976026
0.011469289
0.012739769
0.007745695
0.011178701
0.009992031
0.009774707
0.009626065
0.011825013
0.008785192
0.010999066
0.007383268
0.012414449
0.009077654
0.014090415
0.011370705
0.011811328
0.00874086
0.009954359
0.008762506
0.010427221
0.006746426
0.015348525
0.011399079
0.009271655
0.011298031
0.010770199
0.011126642
0.010608536
0.011381863
0.010050742
0.008696932
0.010394924
0.010179133
0.012616536
0.007609872
0.008784311
0.00868188
0.012885222
0.007886025
0.011652985
0.00750141
0.007438924
0.009807381
0.008581899
0.008079089
0.008645501
0.009600674
0.010728082
0.010464778
0.009692341
0.007694972
0.010370143
0.008334809
0.01142057
0.007510136
0.010911015
0.008346148
0.006526702
0.011148796
0.009561457
0.010281815
0.010037171
0.007657543
0.007276075
0.01195301
0.010712306
0.007248339
0.01036849
0.008874156
0.008027327
0.007761562
0.008869457
0.007506769
0.009789581
0.00976706
0.010020514
0.009615371
0.00830201
0.00864859
0.00841912
0.008899481
0.008335656
0.007417539
0.00788941
0.010168894
0.008752987
0.010603641
0.00912513
0.009117418
0.010614804
0.009629878
0.011096395
0.008160451
0.008878179
0.008733775
0.008699814
0.009303489
0.008463477
0.013120048
0.010077797
0.006782115
0.00819252
0.009582874
0.008272837
0.008726316
0.010589116
0.010104509
0.007788191
0.010296417
0.007710799
0.010172227
0.009924653
0.008871424
0.009215838
0.009054683
0.007998672
0.007582264
0.009442309
0.01051138
0.006917399
0.007349996
0.008921157
0.00925036
0.014426868
0.008265059
0.008238242
0.009310929
0.007199171
0.008407753
0.010488128
0.009366836
0.007742087
0.008914817
0.009978256
0.007716327
0.010874005
0.008080005
0.008680326
0.009197545
0.009379465
0.008788996
0.009110084
0.007428857
0.008846305
0.007015942
0.008628179
0.007022459
0.009239863
0.009084546
0.008633352
0.009378213
0.007339834
0.010245191
0.008548389
0.005651307
0.006496443
0.009391556
0.009332857
0.011193193
0.011482806
0.007952366
0.010131834
0.008990048
0.011608259
0.010181401
0.011116851
0.008995233
0.008174813
0.008137116
0.010716533
0.007274334
0.008890518
0.008971128
0.012693734
0.011133513
0.006523089
0.007646496
0.01021711
0.007112188
0.011137829
0.009857679
0.008705707
0.007043491
0.009028287
0.007850706
0.009026985
0.008856761
0.009361346
0.011081605
0.007619001
0.010886785
0.011712648
0.009862274
0.009006323
0.009833779
0.009823607
0.013428494
0.009204668
0.009503678
0.00974669
0.008363742
0.011566754
0.009932577
0.007036731
0.007847001
0.007983916
0.009038328
0.007981954
0.010045797
0.008163481
0.010863946
0.009164816
0.00867555
0.006813254
0.010673912
0.008726257
0.008777434
0.009602031
0.008079669
0.008375799
0.009554325
0.006642532
0.009744096
0.008676818
0.007936303
0.00600816
0.010049564
0.008525247
0.008768187
0.009189465
0.007047475
0.010663872
0.00897536
0.00942876
0.008280462
0.009803743
0.013211357
0.010319384
0.009748678
0.00904329
0.007874414
0.00641054
0.009189794
0.009356072
0.007962643
0.009614802
0.009275454
0.008318979
0.009726623
0.008075709
0.008971388
0.00884774
0.009159039
0.009315501
0.008448863
0.009281492
0.007219356
0.008843237
0.008229043
0.009353223
0.008320517
0.008868218
0.013141515
0.008976159
0.010571137
0.009333822
0.006306468
0.010217442
0.007407602
0.0066421
0.008445249
0.010367859
0.009765396
0.008664699
0.009155065
0.008296501
0.00941884
0.008342469
0.010330858
0.007122912
0.008629131
0.007172458
0.00955508
0.007831458
0.009410437
0.010146133
0.009190739
0.008475199
0.008663777
0.009150767
0.007452237
0.007211356
0.008156597
0.007727153
0.010303158
0.008298625
0.009307557
0.008978316
0.007196713
0.005811544
0.010490457
0.007957861
0.009225402
0.010284016
0.009179396
0.008871099
0.00808991
0.009587572
0.009574944
0.005157696
0.007721007
0.008893163
0.008772324
0.00708183
0.007899204
0.009529256
0.005977467
0.008274659
0.008961601
0.006644917
0.008163311
0.008149406
0.006093979
0.005287927
0.007238657
0.008166903
0.006487924
0.009664255
0.008755315
0.009519001
0.007002304
0.008911408
0.006941835
0.008876869
0.010391048
0.010371421
0.007300478
0.009819426
0.008428578
0.009237234
0.007939886
0.010422507
0.00816301
0.007206754
0.008149804
0.005913425
0.008719227
0.009933548
0.009193827
0.009172385
0.009639601
0.011397889
0.006510107
0.007647688
0.010388188
0.008105301
0.008300636
0.009714288
0.009719548
0.010258334
0.008388179
0.008602327
0.00722523
0.008510093
0.005169239
0.010271845
0.008794022
0.009014906
0.009531391
0.007240374
0.009848075
0.008810627
0.007432825
0.009422642
0.008740605
0.009449418
0.010232817
0.007241697
0.008137204
0.008799345
0.008051676
0.00860985
0.009547923
0.007350805
0.007480288
0.007680437
0.00795099
0.008019976
0.006019112
0.008288029
0.009575957
0.008862759
0.006517102
0.008782265
0.007156029
0.008271833
0.006647952
0.0060127
0.00869485
0.009001044
0.010419098
0.007086693
0.009479303
0.007074279
0.009893466
0.007830817
0.009453425
0.008898224
0.007639087
0.008218131
0.009002918
0.007304244
0.00894816
0.007648303
0.009428112
0.009704135
0.01073786
0.007366774
0.008899263
0.008522309
0.00817612
0.008833335
0.010815389
0.007155277
0.009637052
0.009193916
0.008504506
0.009556536
0.006012194
0.00749747
0.006401591
0.007222964
0.008902501
0.010415155
0.007131618
0.007100861
0.006491694
0.007695241
0.008934515
0.010088292
0.008404033
0.009443884
0.007848403
0.008014457
0.006969041
0.008632987
0.007860425
0.007493155
0.007341615
0.006386655
0.007292882
0.008364037
0.007885165
0.008172892
0.005430936
0.006183659
0.009572504
0.007371793
0.008168462
0.006755986
0.009838621
0.008013236
0.008077615
0.009480184
0.008510075
0.008394905
0.007694195
0.008177864
0.008366446
0.005836624
0.007430451
0.007202214
0.005891174
0.007622844
0.009641208
0.009694627
0.009147891
0.007321638
0.010250048
0.008600516
0.009504071
0.005737571
0.007924295
0.007774967
0.010091558
0.006750846
0.009642205
0.009920579
0.00630426
0.007663548
0.007141209
0.007055236
0.007676513
0.010010261
0.009913823
0.006523919
0.007774236
0.011348428
0.00714512
0.008410569
0.006049999
0.009835836
0.009298426
0.008341112
0.010222692
0.005512025
0.00914298
0.007018285
0.00756945
0.009188409
0.008784102
0.008358488
0.009914197
0.007862913
0.006253728
0.006768246
0.009277044
0.009817526
0.008630038
0.010307402
0.009333901
0.007710292
0.009584759
0.007085453
0.010109412
0.010380786
0.008740946
0.006986658
0.007418501
0.008932792
0.005676347
0.008757591
0.007643498
0.008638657
0.010427119
0.008165873
0.006568058
0.007297228
0.006581127
0.009304044
0.007797764
0.005551586
0.009675296
0.008411645
0.007166957
0.007972881
0.008094077
0.008957701
0.007228299
0.006339685
0.007954135
0.009482389
0.008698048
0.009772522
0.007396241
0.00875335
0.007381362
0.006996989
0.009683464
0.007515786
0.007609101
0.007132723
0.009080116
0.007314151
0.00776816
0.009273
0.009228464
0.007377288
0.009154351
0.00837942
0.007019434
0.011366386
0.008224565
0.008036042
0.009662851
0.007977038
0.008092035
0.008783623
0.005913536
0.009377812
0.010232354
0.008548302
0.007340327
0.009818254
0.006922126
0.007308024
0.009077249
0.007033622
0.008128609
0.007473048
0.011649072
0.006075613
0.006116325
0.009126894
0.008156241
0.008565361
0.006852814
0.007718104
0.007914026
0.007116716
0.008123571
0.009244561
0.008688644
0.00634147
0.006959911
0.006154715
0.004694927
0.010503323
0.00791947
0.008015968
0.008269552
0.00624758
0.006797304
0.007009965
0.007392625
0.005682412
0.010032395
0.007593173
0.005861132
0.004365793
0.007886151
0.007866584
0.009119806
0.00873962
0.007926568
0.011678376
0.008800433
0.005599006
0.009364648
0.00564305
0.007313045
0.00580223
0.009632865
0.00742522
0.004905899
0.006435593
0.006233786
0.009359007
0.006618109
0.006869823
0.00530183
0.006191433
0.008397545
0.009142678
0.009602661
0.009312739
0.010324526
0.010763112
0.009801157
0.008496619
0.007508805
0.008781063
0.00793291
0.007225037
0.008744397
0.00788715
0.008942055
0.007305459
0.008887653
0.008303471
0.009452304
0.007888375
0.006426665
0.007360162
0.009550545
0.006899196
0.007223679
0.008290168
0.006882978
0.008644226
0.006298144
0.009598746
0.005397906
0.010201259
0.005903794
0.008575434
0.009006881
0.006132953
0.01077431
0.008983529
0.006901477
0.006900911
0.004978896
0.007804338
0.009840082
0.008166304
0.009820239
0.007090487
0.006683574
0.007364206
0.008264743
0.00663377
0.006573315
0.009194418
0.007976994
0.007642494
0.006104133
0.008346636
0.004462424
0.007731198
0.00855135
0.007668161
0.006645926
0.008613973
0.008624086
0.007616134
0.007334426
0.007385655
0.006739267
0.00791125
0.008871415
0.011376225
0.007594973
0.007152133
0.0067139
0.006906065
0.009499258
0.008464118
0.008774444
0.010885391
0.007609225
0.008318216
0.007239631
0.008639168
0.007221922
0.007091849
0.005560636
0.006307674
0.007191765
0.007310927
0.006654331
0.006589167
0.00550087
0.007389329
0.009312732
0.007308281
0.007475461
0.007030878
0.008296804
0.00941791
0.007344845
0.007716195
0.006004384
0.005656159
0.007972146
0.009503099
0.009315664
0.009498333
0.007722239
0.007709472
0.007560929
0.006842755
0.008351738
0.008759291
0.0096246
0.007940221
0.006074866
0.006219489
0.00883368
0.007803127
0.009304306
0.008617749
0.006635437
0.005737355
0.007640224
0.009315351
0.00764755
0.007161376
0.006387235
0.006846552
0.006381604
0.008874003
0.0072646
0.007131451
0.00829285
0.008254537
0.009711348
0.003779001
0.005664531
0.006151903
0.005407072
0.007362693
0.010391178
0.007806211
0.005805189
0.010318979
0.008219955
0.01016589
0.007317193
0.006686709
0.008648495
0.007945357
0.009392223
0.006643222
0.010381118
0.007939326
0.007914215
0.00605626
0.004756213
0.008639956
0.008081718
0.009992023
0.008424858
0.007913725
0.00726886
0.008446459
0.007445561
0.007049456
0.006744561
0.008010703
0.007865705
0.008361727
0.008647386
0.006744752
0.005757834
0.007119235
0.009216388
0.007276271
0.005245909
0.005847486
0.007931747
0.007388021
0.006866008
0.009060842
0.006916411
0.007741769
0.00807742
0.00731653
0.006668754
0.006026781
0.007235818
0.007614536
0.006477225
0.007469594
0.010450817
0.008842436
0.004651182
0.00563852
0.008264385
0.007070134
0.005836688
0.005465844
0.008469858
0.005511663
0.006387452
0.006846675
0.005851636
0.006765154
0.008432626
0.00708373
0.006208227
0.010178168
0.00777548
0.0056369
0.008089436
0.006257509
0.006273567
0.006901375
0.00981814
0.008808161
0.006701911
0.008552459
0.007576688
0.008727102
0.008301507
0.008338463
0.007336642
0.00682073
0.006207018
0.008062161
0.008792435
0.009229959
0.006148
0.009285347
0.007272037
0.009200795
0.008219254
0.005144259
0.007821914
0.00596049
0.007995646
0.006046862
0.008211922
0.007258283
0.006266241
0.007260212
0.006972863
0.00811493
0.006359711
0.007810012
0.005783004
0.007546959
0.011033989
0.006768469
0.006404718
0.008376703
0.008726945
0.00492728
0.007121482
0.007946211
0.007316605
0.005870943
0.00859365
0.005301036
0.006522802
0.006700894
0.01026633
0.007953339
0.007967862
0.006430272
0.008207418
0.008442382
0.007237238
0.007240118
0.008862578
0.007799329
0.007811576
0.009191395
0.007618931
0.007705238
0.007058842
0.006449485
0.010118129
0.008892475
0.006056815
0.007480109
0.008359039
0.00804136
0.006116104
0.01034198
0.008742576
0.004293488
0.006778804
0.006339295
0.007522685
0.006146548
0.007843697
0.008548588
0.00692192
0.006132968
0.006866912
0.007613259
0.009633882
0.008321006
0.008592629
0.009543673
0.007312473
0.010524836
0.007379847
0.005454881
0.006268169
0.004681822
0.007506796
0.0056317
0.005819403
0.008031243
0.007490417
0.007063262
0.006736201
0.007799582
0.005670157
0.008024017
0.006972623
0.008071565
0.007206325
0.006248923
0.004606724
0.009053921
0.008123619
0.010145182
0.007165802
0.007538709
0.008622827
0.006444684
0.0104193
0.007225154
0.008012646
0.007997436
0.006447084
0.006592433
0.006976722
0.007167334
0.006366755
0.008007342
0.006228187
0.006811225
0.008398191
0.005593478
0.0085536
0.0078028
0.004529445
0.006022631
0.008066568
0.006780069
0.006743304
0.006059467
0.006722519
0.009674883
0.006494887
0.008347488
0.008740017
0.006369662
0.006755279
0.005979138
0.0065293
0.005914862
0.005879347
0.008082118
0.008959925
0.004744541
0.006022295
0.006228394
0.006355724
0.009471321
0.005657809
0.007282421
0.006102884
0.007033218
0.007251931
0.008016962
0.009784986
0.009063815
0.008734097
0.006228838
0.009023955
0.006561264
0.008049205
0.007798737
0.005778182
0.007766034
0.006069561
0.005264555
0.004164557
0.006077381
0.006756542
0.007400176
0.006847693
0.0059474
0.007900203
0.007970355
0.006413664
0.007934136
0.010208186
0.008356434
0.008304428
0.006324779
0.005387831
0.004794307
0.005362305
0.007898037
0.006411284
0.007062906
0.00726516
0.007895839
0.006530141
0.006756294
0.007509184
0.008426794
0.006215459
0.00869769
0.005448016
0.007503747
0.007724875
0.006410685
0.008584192
0.009462543
0.006909634
0.005382157
0.006336006
0.005318615
0.005269654
0.006388292
0.007273406
0.007116677
0.007110269
0.008209005
0.007565395
0.007171189
0.006785164
0.008791256
0.006928906
0.008552221
0.006199543
0.008834471
0.008326418
0.005805284
0.008224756
0.006508429
0.007535625
0.008204261
0.007492565
0.007664067
0.007210006
0.004674869
0.00669861
0.006234138
0.007879219
0.006795387
0.007361244
0.00607554
0.006571238
0.005834055
0.008347639
0.009076522
0.006682465
0.007715032
0.008091367
0.006236772
0.005783282
0.007062679
0.007604085
0.007274255
0.007861724
0.007557185
0.006087981
0.008981745
0.006946609
0.00605549
0.009029177
0.005007993
0.005940605
0.007351509
0.007152611
0.006463145
0.005658055
0.006191448
0.008257005
0.007762996
0.006293142
0.009201615
0.006313747
0.005777355
0.008224132
0.00651032
0.008680233
0.006327977
0.008764297
0.0072621
0.005237234
0.00928035
0.006197411
0.0066307
0.005328936
0.005424608
0.005248843
0.007336993
0.009954231
0.006112513
0.00537238
0.005239273
0.004998071
0.010661792
0.008198308
0.007820793
0.008429933
0.006206457
0.007710728
0.008404861
0.006055234
0.004832799
0.00850764
0.007779989
0.00465886
0.007149781
0.0064475
0.006584232
0.007698493
0.007785403
0.006114672
0.00848739
0.006448287
0.007735985
0.00362888
0.007417986
0.008488433
0.005442159
0.006363518
0.004880777
0.005384413
0.008510333
0.006395195
0.005735713
0.006308293
0.007195245
0.005929191
0.009114529
0.007541576
0.006716755
0.005389118
0.006253191
0.00701547
0.006043104
0.006193756
0.0054422
0.007390592
0.007338725
0.00780109
0.007645463
0.006728195
0.007325827
0.006563125
0.008211234
0.008293478
0.005114126
0.00686483
0.006839684
0.008495522
0.009681855
0.007841087
0.006928411
0.00514155
0.007096181
0.007286256
0.009102033
0.008219777
0.005000592
0.007785015
0.004784162
0.006688331
0.009789972
0.006809687
0.008444608
0.00691695
0.007014304
0.006207868
0.004387203
0.006473857
0.007057815
0.008109391
0.006145617
0.007286843
0.006482643
0.007828924
0.004406534
0.007594476
0.007035061
0.006023834
0.007936392
0.007147909
0.007172791
0.007508603
0.007095406
0.008527804
0.008163232
0.006154501
0.007838613
0.007223351
0.006334633
0.006799017
0.008581002
0.005918099
0.007868506
0.00546625
0.0071544
0.005951513
0.010985293
0.007389753
0.007631298
0.007740757
0.005982471
0.005879953
0.00919841
0.00711043
0.008046746
0.007485265
0.007666077
0.005419147
0.00786171
0.007724468
0.006410965
0.007052829
0.006560139
0.006434404
0.008101387
0.007093803
0.006506811
0.007818739
0.008486305
0.006061691
0.00593034
0.006604415
0.007346914
0.006689952
0.006416203
0.006621233
0.006347808
0.006473952
0.006670464
0.006668914
0.006205151
0.008915151
0.007308397
0.008077269
0.006595976
0.007258064
0.010189114
0.007747682
0.006585197
0.004914245
0.007400587
0.005910891
0.008324191
0.005300525
0.007013685
0.004615902
0.005261013
0.006520081
0.005869967
0.008476966
0.007780602
0.006319189
0.006147484
0.00557709
0.007829384
0.007297075
0.006498373
0.005237371
0.006069491
0.00750468
0.006779924
0.006450148
0.00753613
0.007577843
0.006433341
0.007620869
0.006855373
0.006424323
0.006533915
0.008017341
0.007645215
0.009056847
0.004330291
0.008307405
0.004482371
0.006401124
0.007478731
0.008132338
0.007503968
0.007340661
0.005808274
0.00650763
0.006797905
0.007637073
0.004743528
0.006117641
0.006922031
0.00599903
0.007769086
0.007097588
0.007952415
0.007361632
0.005675555
0.007514504
0.005869646
0.005936644
0.006346836
0.009014617
0.006559884
0.005878221
0.007847242
0.007705071
0.008864625
0.007569509
0.00645686
0.006450417
0.004366692
0.005464428
0.006520649
0.006519076
0.006215019
0.007889521
0.007630375
0.00619822
0.005885982
0.007302637
0.008887019
0.005623518
0.008193309
0.005620125
0.007133921
0.007725501
0.007422164
0.007489485
0.007159505
0.004294916
0.006293513
0.007756492
0.006138036
0.005505392
0.006496026
0.006859321
0.006103205
0.009305862
0.006473214
0.006011507
0.00651742
0.00712857
0.007427093
0.008814705
0.00476669
0.006341125
0.006756097
0.006843602
0.007867349
0.007325624
0.005856204
0.007016589
0.005131497
0.007050626
0.006789517
0.007849892
0.007733352
0.004943374
0.003415253
0.008005317
0.004806987
0.006422206
0.005918601
0.007751872
0.005429541
0.008576987
0.010042662
0.005764384
0.007150749
0.006922053
0.006109277
0.006105115
0.006877058
0.007044611
0.005708006
0.006377973
0.006790496
0.005096253
0.008995644
0.009858025
0.007918703
0.005822957
0.005858802
0.007463854
0.009453151
0.008670378
0.006962452
0.007127636
0.007120649
0.009345502
0.007786328
0.006325482
0.006631972
0.005975878
0.006049159
0.005786596
0.008337602
0.007452405
0.006622962
0.00552816
0.007354426
0.006671776
0.004580727
0.005663736
0.00801177
0.007733163
0.007612969
0.005625646
0.005614564
0.005091093
0.005586045
0.006681105
0.009740676
0.00701373
0.00662201
0.007565475
0.006309874
0.007129701
0.006475412
0.004591342
0.007052715
0.005988291
0.006724029
0.006365551
0.007568196
0.006497223
0.004334408
0.005417431
0.005105351
0.006063889
0.00556915
0.004641102
0.005885465
0.005631905
0.007406284
0.00639858
0.007433831
0.006601929
0.005921047
0.008139256
0.006611831
0.006862128
0.006126073
0.005230191
0.007885513
0.005371331
0.007527437
0.006937698
0.006818099
0.005219531
0.006583393
0.004038803
0.009673806
0.005508603
0.00751489
0.005594751
0.005392601
0.007741981
0.008017206
0.006369992
0.007674372
0.007237626
0.005761402
0.006944875
0.00649932
0.007694796
0.007540062
0.005987163
0.004564846
0.00671729
0.005521971
0.007211717
0.007169179
0.005064407
0.006654095
0.008906573
0.008517868
0.006026948
0.008247367
0.006864583
0.007975109
0.007816732
0.007639274
0.006209344
0.007339773
0.004745878
0.00693278
0.006651215
0.006210068
0.004873482
0.006900862
0.010039402
0.006041755
0.004275803
0.006663885
0.00903366
0.006563298
0.00765125
0.009189024
0.006611227
0.006943637
0.006793471
0.006544484
0.003974021
0.008894724
0.005322714
0.005749
0.004103487
0.00689531
0.004478544
0.0079209
0.005762803
0.006973262
0.005820675
0.007489047
0.009236491
0.006957238
0.006334591
0.008743371
0.00717137
0.005057369
0.009473044
0.006564988
0.007131368
0.008105131
0.003945963
0.008909502
0.006156084
0.007349757
0.005205145
0.006548053
0.005162049
0.00884245
0.004630655
0.006142213
0.008933369
0.005056373
0.004738938
0.005524727
0.00476386
0.005460876
0.004895528
0.007240739
0.006637194
0.006833318
0.00539973
0.00679855
0.007650028
0.007266593
0.005705141
0.006883655
0.005374065
0.006920846
0.00960131
0.006159075
0.00596355
0.006196451
0.007891981
0.005299781
0.005559866
0.004625433
0.00686873
0.009605408
0.005754189
0.004749104
0.007817393
0.005014908
0.006687597
0.006036199
0.004762268
0.007264446
0.006179089
0.007037288
0.0052149
0.004803545
0.007117615
0.007117255
0.005160036
0.007695234
0.00851401
0.006796127
0.004573883
0.008379079
0.007769538
0.007832526
0.00335264
0.007493637
0.006718243
0.007215024
0.007648192
0.004861345
0.008161685
0.006229249
0.005307582
0.004681792
0.006673376
0.006317021
0.006312678
0.005166797
0.006558785
0.005721257
0.00782249
0.008112239
0.005538509
0.007519075
0.006025744
0.008894387
0.006811957
0.00529327
0.00767696
0.006319297
0.004990336
0.007588365
0.007792847
0.005194945
0.005674077
0.009395084
0.005014699
0.00717328
0.008203176
0.006621731
0.002970525
0.005064103
0.005758367
0.006658393
0.007653697
0.00562075
0.003141364
0.006568117
0.005702117
0.004339169
0.006631563
0.004129471
0.007614666
0.005248147
0.005684816
0.003421107
0.006435717
0.004856088
0.005267751
0.006024714
0.00697972
0.006662471
0.006699478
0.006936715
0.007159851
0.004636828
0.006696854
0.006003007
0.007670844
0.005990289
0.006836732
0.004131744
0.007855955
0.005251821
0.007012507
0.00618692
0.006901748
