0.337281147293331
0.333303872747436
0.329705024313141
0.318129504277312
0.311759750116687
0.29918912809005
0.297709685344517
0.290026749795691
0.287752833437527
0.285447484977586
0.283685072045374
0.279911081657311
0.269484318902369
0.264747476077499
0.264528451769131
0.259954710045226
0.257565306734611
0.254627275741955
0.244786610725358
0.248759588948847
0.0844196788572285
0.0815063611313269
0.0809282805887457
0.0863948864841747
0.0790127080074421
0.0769027592806958
0.0807432711814851
0.0856833077909983
0.0786756944605139
0.0788498999036985
0.074197965487615
0.0817592090124848
0.0761699598060902
0.0767708203916546
0.0714135222977836
0.0764646441780716
0.0743441825520657
0.0688176565741733
0.0719685750346487
0.0697976458976253
0.0709577091311372
0.0692196163966412
0.0688211427970355
0.0655750777279448
0.0672489212056965
0.0701351124062316
0.0726782309169646
0.0629512261829172
0.0736092530497336
0.0703972920520216
0.0655945663001112
0.063609591672201
0.0618632521568939
0.0662266586383491
0.0609274094167707
0.0612042062382938
0.0650100484433509
0.0631555176662744
0.0641839840973496
0.0625257500305079
0.0592534797061699
0.0584980361483998
0.062253202571893
0.0572344450224455
0.0627417184574165
0.0611320054270218
0.0591940332567687
0.0579571538443387
0.0587760947180727
0.0684553948580151
0.0566408453940974
0.0517775553631135
0.0624697572450063
0.0580661100174285
0.0538228700691936
0.0638928314409155
0.0571129036659506
0.0560657637513575
0.0524506294709374
0.0513279754213062
0.0488987733624718
0.0529592287866837
0.0507822642089707
0.055986919221148
0.0527704031254293
0.0592153935282659
0.0582549776231335
0.0538637159811386
0.0523280942240552
0.0567531712251658
0.0493817895659071
0.055045680807872
0.0507174630039149
0.0514958110072941
0.0505759086223635
0.054469459027646
0.0501476726664641
0.0492142394074787
0.0543057159190979
0.0512078102701272
0.0536902488382915
