0.105838987
0.098488224
0.097327733
0.100314647
0.095994136
0.086549541
0.089421415
0.094120273
0.091925741
0.092755968
0.089522084
0.096616227
0.090676866
0.096490006
0.086406971
0.093287797
0.087662051
0.097943884
0.094538661
0.082121992
0.069385208
0.065073126
0.057404707
0.059055683
0.052516708
0.049036424
0.053897682
0.053919213
0.060278183
0.045953631
0.063189553
0.051678865
0.054034091
0.0491115
0.046909365
0.05298071
0.048309874
0.049902928
0.048459214
0.050919945
0.050482012
0.046967014
0.04590773
0.038948034
0.041436081
0.044839377
0.045982388
0.045522268
0.041094245
0.043417898
0.04713234
0.042108676
0.04563563
0.045050491
0.040228078
0.039480737
0.036221709
0.037141551
0.044697998
0.041847136
0.040536952
0.039084023
0.036253585
0.040857801
0.041374975
0.032613666
0.040298381
0.03859955
0.040564346
0.028902201
0.03416046
0.032282974
0.033063958
0.04225406
0.034647527
0.03291792
0.038484427
0.034921685
0.031392958
0.032349243
0.028742143
0.037240403
0.026852929
0.03316276
0.028152089
0.032378649
0.030898779
0.024062712
0.028191021
0.025696172
0.02630796
0.028363713
0.02842952
0.024846471
0.026107634
0.029061139
0.021025893
0.022337533
0.028929525
0.020555354
0.022028021
0.024169804
0.026737993
0.017677781
0.02241417
0.026512993
0.018021356
0.01889969
0.017331798
0.019729818
0.017137715
0.021103428
0.015088239
0.020385731
0.016350698
0.01683672
0.016265467
0.018338294
0.019166046
0.019599841
0.015073646
0.01271992
0.012643288
0.009349407
0.018855544
0.012391146
0.015383426
0.01150826
0.011504654
0.012904759
0.012380797
0.013155103
0.011108862
0.013772557
0.010356568
0.007809229
0.013048952
0.012739769
0.009954359
0.012616536
0.009692341
0.010712306
0.008335656
0.008463477
0.009215838
0.010488128
0.008628179
0.010131834
0.01021711
0.009006323
0.008163481
0.00600816
0.00641054
0.008843237
0.008664699
0.009150767
0.008871099
0.008149406
0.009819426
0.007647688
0.007240374
0.007680437
0.007086693
0.007366774
0.010415155
0.006386655
0.008394905
0.005737571
0.011348428
0.007862913
0.008932792
0.007972881
0.007132723
0.008783623
0.009126894
0.008015968
0.011678376
0.006191433
0.007305459
0.010201259
0.007364206
0.007616134
0.008318216
0.007030878
0.008759291
0.006846552
0.010318979
0.009992023
0.007276271
0.007469594
0.00708373
0.008338463
0.006046862
0.00492728
0.007240118
0.01034198
0.009543673
0.008024017
0.007997436
0.006780069
0.004744541
0.006561264
0.007934136
0.008426794
0.007116677
0.008204261
0.007715032
0.007351509
0.0072621
0.007820793
0.00848739
0.009114529
0.008211234
0.004784162
0.004406534
0.008581002
0.007666077
0.007346914
0.006585197
0.007829384
0.007645215
0.006922031
0.008864625
0.008193309
0.006473214
0.006789517
0.006109277
0.006962452
0.004580727
0.006475412
0.007406284
0.006583393
0.007540062
0.007639274
0.009189024
0.007489047
0.006548053
0.00679855
0.009605408
0.007695234
0.007493637
